1A12_A.pdb 401 -120.169 -198.785 -424.579 630.633 -326.13 -600.58
1A1I_A.pdb 85 -41.3318 -30.9988 -178.038 141.113 -150.444 -167.04
1ABA_A.pdb 87 -67.9612 -99.6409 -193.711 25.8349 -142.123 -300.784
1AF7_A.pdb 274 -105.233 -152.114 -360.309 553.832 -303.532 -398.497
1AH7_A.pdb 245 -66.1878 -208.276 -442.509 136.592 -327.448 -299.544
1AIE_A.pdb 31 23.9558 -23.3545 -80.2744 17.2703 -60.6369 -79.992
1AKO_A.pdb 268 -92.8098 -229.982 -390.56 245.135 -324.572 -508.099
1AL3_A.pdb 237 -78.3756 -260.425 -342.033 386.961 -281.021 -366.625
1AOC_A.pdb 175 -32.5917 -125.481 -267.435 190.493 -201.876 -235.502
1ATZ_A.pdb 184 -43.7157 -279.09 -326.645 169.231 -245.179 -334.179
1BB1_B.pdb 34 33.329 -2.989 -125.238 55.2798 -98.8608 -86.408
1BDO_A.pdb 80 -81.981 -149.127 -155.537 12.9147 -119.047 -339
1BGV_A.pdb 449 -120.282 -214.533 -511.68 955.504 -437.597 -576.905
1BRT_A.pdb 277 -78.408 -287.052 -410.7 413.089 -338.624 -460.531
1C7K_A.pdb 132 -11.4787 -161.534 -266.202 -6.56059 -181.523 -448.152
1C8U_A.pdb 285 -57.4425 -259.65 -360.942 418.191 -319.863 -508.007
1CC8_A.pdb 72 -66.8216 -123.28 -163.971 16.3076 -134.791 -223.096
1CHD_A.pdb 198 -61.7976 -279.92 -352.192 206.644 -260.42 -305.235
1CNZ_A.pdb 363 -125.41 -355.551 -480.202 768.224 -373.25 -427.394
1COJ_A.pdb 211 -72.1143 -300.907 -369.665 207.316 -295.04 -370.858
1CPQ_A.pdb 129 -62.5789 -131.786 -301.559 85.3935 -233.505 -312.888
1CV8_A.pdb 173 -63.8361 -173.453 -297.036 36.3916 -224.615 -346.394
1CVR_A.pdb 432 -108.483 -353.372 -462.884 799.435 -394.56 -776.486
1CZP_A.pdb 98 -90.241 -155.458 -201.164 28.9318 -136.676 -381.2
1D2N_A.pdb 246 -82.8576 -169.527 -388.327 381.809 -296.332 -441.043
1D2Z_B.pdb 150 -60.4044 -161.019 -288.103 138.74 -219.77 -455.968
1D4O_A.pdb 177 -52.65 -206.736 -317.625 160.574 -250.959 -259.774
1D9C_A.pdb 121 -53.9018 -132.556 -267.419 77.8683 -212.182 -299.848
1DCI_A.pdb 275 -43.5186 -87.5746 -429.171 548.794 -324.839 -389.851
1DK8_A.pdb 147 -127.464 -135.19 -302.344 81.8938 -245.603 -337.232
1DOK_A.pdb 72 -54.8432 -91.1989 -132.835 37.6846 -118.291 -229.744
1DQZ_A.pdb 280 -50.7924 -170.02 -419.391 135.929 -309.764 -566.686
1DXY_A.pdb 330 -108.019 -393.21 -438.87 594.933 -355.375 -552.918
1E7L_A.pdb 157 -24.7455 -24.9105 -290.788 70.4242 -242.738 -212.696
1E9G_A.pdb 284 -58.5279 -146.558 -380.305 281.26 -305.56 -495.132
1ECS_A.pdb 120 -45.8279 -96.249 -213.898 130.088 -169.819 -466
1EEX_G.pdb 137 -56.4953 -109.308 -316.193 164.302 -220.319 -466.776
1EJG_A.pdb 46 -25.9911 -51.2865 -126.393 -27.7688 -94.4931 -153.672
1EKG_A.pdb 119 -108.585 -299.981 -240.996 11.9432 -173.308 -366.2
1EL6_A.pdb 208 14.4612 -130.427 -304.092 284.735 -241.218 -338.148
1EUV_A.pdb 221 -94.7052 -240.559 -345.842 170.532 -277.726 -412.129
1EW4_A.pdb 106 -120.733 -221.823 -219.474 -9.73502 -164.848 -361.368
1EYQ_A.pdb 212 -33.9552 -281.472 -359.684 283.838 -274.995 -375.261
1FC3_A.pdb 119 -107.468 -177.415 -277.072 92.4329 -216.943 -276.024
1FCY_A.pdb 236 -86.2218 -278.805 -405.17 309.415 -323.642 -318.347
1FD3_A.pdb 41 -39.1684 -85.7454 -101.851 -56.2172 -76.8131 -161.576
1FL0_A.pdb 164 -70.7697 -267.147 -267.709 115.81 -203.626 -468.388
1FMJ_A.pdb 342 -146.235 -459.755 -416.278 489.345 -364.854 -461.679
1FNL_A.pdb 173 -45.7029 -36.5565 -268.535 155.812 -196.941 -403.669
1FOB_A.pdb 334 -84.1563 -314.454 -451.318 585.081 -359.069 -546.296
1FP2_A.pdb 345 -78.3243 -234.183 -445.856 848.545 -387.166 -497.639
1FPZ_A.pdb 176 -72.1521 -250.506 -319.96 200.459 -241.26 -232.738
1FSG_A.pdb 233 -84.8718 -269.881 -337.784 270.307 -269.175 -395.707
1FV1_C.pdb 20 -21.8822 -10.375 -11.8877 4.15149 -6.34891 -123.224
1FXO_A.pdb 292 -87.6609 -296.05 -394.772 464.585 -323.595 -394.043
1G2R_A.pdb 94 -68.1047 -83.1556 -201.448 37.3495 -157.935 -277.8
1G5A_A.pdb 628 -191.349 -485.52 -535.728 1611.81 -509.778 -929.802
1G61_A.pdb 225 -90.8901 -334.521 -389.118 311.993 -274.8 -437.156
1G6X_A.pdb 58 -9.52497 -34.3625 -122.009 68.2164 -78.6803 -233.328
1G73_A.pdb 157 -30.1374 -31.7515 -383.432 175.275 -274.023 -128.752
1G9G_A.pdb 629 -123.879 -268.763 -530.459 511.495 -492.586 -877.72
1GOT_G.pdb 58 11.3843 -10.1732 -139.14 28.5961 -133.829 -177.392
1GR3_A.pdb 132 -49.1735 -70.1176 -229.534 195.116 -166.901 -700.248
1GUI_A.pdb 155 -39.5631 -278.189 -257.793 49.7071 -186.146 -344.009
1GUT_A.pdb 67 -18.8678 -82.3919 -128.323 101.063 -107.354 -218.136
1GWE_A.pdb 498 -47.7441 -221.085 -445.824 408.993 -396.677 -799.253
1GXY_A.pdb 223 -74.8008 -228.29 -358.641 179.91 -257.503 -440.842
1GYX_A.pdb 76 -17.5916 -96.6061 -154.544 60.7128 -120.226 -289.824
1H2B_A.pdb 343 -116.861 -322.292 -430.901 959.266 -349.13 -515.869
1H2E_A.pdb 207 -44.5554 -182.135 -347.909 214.7 -280.843 -327.342
1H4P_A.pdb 408 -122.888 -395.349 -452.144 681.007 -383.883 -597.605
1H4R_A.pdb 294 -119.337 -315.412 -386.153 568.465 -332.12 -514.404
1H72_C.pdb 296 -117.064 -387.711 -436.886 658.435 -335.71 -451.982
1HBN_C.pdb 247 -20.0394 -174.184 -341.437 256.792 -279.596 -242.194
1HQ0_A.pdb 295 -68.3667 -307.492 -376.961 357.297 -287.456 -468.505
1HW1_A.pdb 226 -86.7186 -222.757 -423.129 283.896 -331.819 -305.096
1HX1_B.pdb 112 -74.3097 -125.769 -289.954 73.3825 -211.929 -198.64
1HZT_A.pdb 153 -24.7968 -55.9535 -287.467 155.459 -212.585 -280.49
1I24_A.pdb 391 -67.1058 -318.457 -453.932 885.691 -386.134 -481.457
1I27_A.pdb 73 -82.83 -83.1234 -172.827 -14.4057 -130.243 -244.344
1I4U_A.pdb 181 -45.8703 -237.233 -285.61 145.421 -218.478 -340.992
1I8O_A.pdb 113 -33.4426 -115.529 -253.221 125.482 -184.428 -243.328
1IAP_A.pdb 190 -61.7274 -168.035 -373.859 196.769 -289.233 -266.017
1ID0_A.pdb 146 -79.9368 -200.986 -276.335 147.155 -207.22 -458.336
1IDK_A.pdb 359 -73.305 -192.548 -447.493 607.215 -368.213 -618.258
1IG0_A.pdb 317 -101.431 -369.827 -403.718 625.22 -343.159 -500.091
1IKT_A.pdb 115 -48.1396 -220.582 -258.59 83.8935 -192.824 -331.984
1IQ4_A.pdb 179 -42.8814 -142.587 -305.275 216.937 -234.623 -305.409
1ISP_A.pdb 179 -42.0552 -161.203 -329.417 95.3619 -242.995 -216.502
1IXH_A.pdb 321 -133.385 -451.326 -441.439 309.083 -337.576 -445.814
1IZC_A.pdb 299 -42.3981 -164.025 -422.849 519.659 -343.485 -551.287
1J24_A.pdb 133 -69.1902 -108.617 -286.419 173.268 -212.214 -420.656
1J77_A.pdb 199 -53.8218 -242.852 -374.007 196.714 -275.518 -248.543
1JCD_A.pdb 50 -72.8037 19.761 -174.826 -74.5004 -136.111 -95.784
1JD5_A.pdb 105 -48.8165 -56.6405 -222.115 91.7793 -171.334 -367.976
1JDH_B.pdb 38 -28.5964 2.28538 -69.9684 6.33069 -54.4706 -68.008
1JH6_A.pdb 181 -80.4222 -288.55 -309.408 141.678 -241.371 -384.539
1JID_A.pdb 114 -58.6509 -137.614 -220.859 108.313 -172.907 -412.888
1JKM_A.pdb 358 -94.473 -332.607 -458.543 806.038 -389.514 -434.562
1JL1_A.pdb 152 -54.1377 -176.606 -310.699 56.6943 -222.532 -257.678
1JO0_A.pdb 97 -82.4441 -208.144 -206.653 13.7423 -160.38 -413.344
1JOS_A.pdb 100 -92.376 -155.188 -215.853 75.7666 -165.6 -338.52
1JR8_A.pdb 105 -58.4955 -218.228 -261.536 82.3913 -195.927 -247.448
1K3Y_A.pdb 221 -89.1621 -381.343 -370.277 301.137 -281.493 -388.049
1K5C_A.pdb 333 -61.2657 -384.737 -460.786 380.105 -365.82 -742.418
1KAP_P.pdb 470 -37.26 -132.823 -448.767 716.675 -380.084 -699.553
1KHC_A.pdb 135 -107.979 -123.901 -244.092 56.4034 -181.346 -444.88
1KMO_A.pdb 661 81.3213 766.065 -515.431 929.816 -522.853 -911.209
1KQR_A.pdb 160 -44.55 -193.167 -270.042 39.3116 -189.068 -353.091
1KS8_A.pdb 433 -103.127 -347.926 -524.986 553.407 -431.723 -532.108
1KTG_A.pdb 137 -79.0195 -200.591 -274.561 113.739 -205.966 -566.232
1KVE_B.pdb 77 -29.5317 -28.7587 -150.792 -30.8879 -103.163 -253.656
1L3P_A.pdb 102 -54.0621 -100.995 -273.134 128.797 -207.834 -235.464
1L7A_A.pdb 318 -91.071 -233.921 -430.559 522.91 -336.26 -507.447
1LAM_A.pdb 484 -145.206 -286.378 -517.212 1069.22 -438.727 -671.773
1LB6_A.pdb 155 -36.207 -185.764 -246.507 121.015 -190.645 -334.648
1LKI_A.pdb 172 -34.2225 -155.181 -324.72 136.981 -261.707 -243.555
1LSL_A.pdb 113 -16.1992 55.7533 -179.651 158.546 -123.845 -630.56
1LYV_A.pdb 283 -90.9792 -228.397 -402.225 307.2 -314.51 -438.454
1MAI_A.pdb 119 -99.2839 -156.035 -233.507 39.3132 -170.741 -522.36
1MEX_L.pdb 213 -75.0654 -142.412 -306.074 66.2786 -243.535 -416.804
1MGT_A.pdb 169 -51.3054 -195.415 -307.495 185.012 -227.846 -313.007
1MIX_A.pdb 206 -50.8275 -173.243 -324.343 229.08 -271.891 -376.817
1MPG_A.pdb 282 -66.0339 -347.219 -410.71 600.657 -335.164 -550.617
1MTZ_A.pdb 290 -120.177 -393.969 -435.95 417.98 -349.545 -458.868
1MWP_A.pdb 96 -26.4606 -130.725 -185.979 133.779 -135.753 -484.176
1MY7_A.pdb 107 -89.0828 -151.38 -189.669 41.6896 -142.187 -456.448
1MZW_B.pdb 31 -7.42488 5.69882 -85.6088 0.198144 -65.6658 -58.848
1N0Q_A.pdb 91 -72.6273 -79.7694 -238.789 43.6448 -161.334 -346.704
1N1J_B.pdb 78 -0.767684 -115.377 -197.75 142.166 -146.563 -257.632
1N40_A.pdb 394 -113.073 -538.958 -471.63 1010.5 -402.809 -535.036
1N62_A.pdb 161 -46.8099 -156.984 -311.154 159.47 -203.772 -270.156
1N62_B.pdb 804 -181.013 -475.794 -592.019 2737.57 -565.202 -1220.31
1N7S_B.pdb 68 21.8864 62.9303 -223.004 78.8597 -167.312 -48.04
1N7S_C.pdb 79 -36.8781 16.1462 -253.502 -42.2493 -189.419 -109.352
1N8V_A.pdb 101 -100.819 -223.805 -235.426 21.1255 -192.391 -272.736
1NFP_A.pdb 228 -54.2052 -205.561 -372.839 251.778 -287.491 -364.985
1NG6_A.pdb 148 -93.5447 -76.826 -336.939 125.503 -246.905 -352.824
1NKI_A.pdb 134 -33.5613 -92.9381 -226.54 237.787 -179.789 -483.824
1NKR_A.pdb 195 -45.0468 -166.356 -300.967 168.338 -214.676 -372.209
1NLQ_A.pdb 105 -72.3259 -158.515 -202.003 19.4652 -157.672 -429.928
1NNH_A.pdb 293 -38.5425 -185.166 -391.825 631.004 -309.871 -469.134
1NSJ_A.pdb 205 -62.0487 -216.141 -328.723 264.582 -260.941 -393.771
1O4V_A.pdb 169 -72.9405 -194.827 -345.766 155.436 -260.154 -342.079
1O6D_A.pdb 147 -112.603 -292.554 -291.274 185.33 -217.891 -405.52
1O9I_A.pdb 266 -23.3766 -58.4796 -383.689 139.056 -298.508 -420.326
1OC7_A.pdb 364 -84.8502 -269.922 -453.772 582.887 -382.942 -612.529
1OE8_A.pdb 204 -90.0477 -273.709 -366.885 196.428 -285.227 -339.034
1OI6_A.pdb 202 -34.4547 -124.122 -312.182 316.308 -235.661 -376.824
1OK7_A.pdb 366 -128.007 -423.604 -410.871 811.191 -359.803 -547.055
1OO0_A.pdb 144 -53.9 -85.5174 -269.972 124.673 -211.333 -495.8
1ORR_A.pdb 338 -80.7894 -349.303 -450.848 641.12 -352.072 -450.47
1ORV_A.pdb 728 -144.917 -505.843 -493.345 2140.35 -502.082 -1225.1
1OWL_A.pdb 473 -123.501 -395.252 -506.543 1045.11 -440.515 -745.456
1P3C_A.pdb 215 -48.9132 -191.034 -334.524 165.52 -249.805 -431.355
1PE9_A.pdb 361 -59.2704 -293.121 -442.048 440.357 -349.368 -777.386
1PL3_A.pdb 185 -53.0604 -225.298 -269.295 112.539 -205.267 -411.021
1POC_A.pdb 134 -42.0203 -102.031 -236.582 158.566 -174.951 -462.856
1PZ4_A.pdb 113 -70.904 -229.363 -219.836 107.588 -181.794 -399.688
1Q2H_A.pdb 63 20.1379 -13.3044 -189.192 66.4918 -158.132 -170.464
1Q5Y_A.pdb 84 -46.1924 -51.8171 -198.652 16.8557 -154.688 -235.648
1QHD_A.pdb 397 -103.467 -249.287 -438.911 950.288 -367.368 -573.383
1QNR_A.pdb 344 -69.7626 -214.938 -422.857 426.876 -348.55 -478.075
1QOY_A.pdb 303 -68.4072 -93.191 -502.427 615.743 -402.005 -273.979
1QQF_A.pdb 276 -109.979 -179.725 -439.598 437.163 -335.957 -306.807
1QRE_A.pdb 210 -57.8124 -292.145 -373.113 182.082 -278.471 -556.572
1QVE_A.pdb 126 -65.9227 -142.474 -248.871 83.2233 -176.994 -443.288
1R77_A.pdb 99 -63.5526 -127.134 -187.898 -4.68769 -149.802 -423.712
1R89_A.pdb 437 -183.751 -135.541 -461.519 1187.73 -408.082 -701.096
1R8S_A.pdb 160 -28.5687 -157.066 -281.139 126.947 -215.631 -224.434
1RG8_A.pdb 141 -31.0097 -74.8057 -241.198 23.3275 -174.012 -578.8
1RI6_A.pdb 333 -110.295 -355.726 -401.833 510.895 -304.444 -662.085
1RIF_A.pdb 282 -92.2779 -296.485 -384.131 361.489 -320.157 -411.111
1RO0_A.pdb 210 -100.183 -261.074 -338.993 133.742 -245.624 -411.338
1RZH_M.pdb 301 75.3543 80.7906 -450.311 1057.84 -351.859 -368.974
1S3E_A.pdb 499 -124.473 -400.74 -496.185 1355.52 -431.326 -811.592
1SHU_X.pdb 181 -50.7384 -198.287 -351.675 171.392 -253.859 -290.544
1SJ1_A.pdb 66 -113.759 -137.725 -149.028 3.65209 -87.8625 -225.552
1STM_A.pdb 141 -54.4805 -126.023 -223.881 168.877 -171.654 -612.824
1SVS_A.pdb 316 -86.4756 -204.886 -425.574 655.383 -346.931 -365.425
1SYY_A.pdb 317 -81.1296 -377.986 -457.727 682.378 -363.603 -359.608
1T1D_A.pdb 100 -86.202 -119.442 -220.164 10.5504 -171.2 -326.592
1T1V_A.pdb 93 -57.134 -139.144 -214.493 22.8444 -161.953 -329.968
1T3Y_A.pdb 131 -124.529 -188.54 -260.661 68.3766 -192.191 -404.944
1T61_A.pdb 223 -7.7112 -77.6774 -301.727 310.256 -231.253 -479.194
1T9I_A.pdb 153 -65.9664 -192.001 -300.593 93.8225 -219.376 -189.22
1TBF_A.pdb 326 -121.154 -265.333 -492.634 715.616 -405.928 -465.689
1TI6_B.pdb 274 -98.9928 -201.019 -338.052 331.71 -251.094 -462.665
1TJL_A.pdb 145 -91.3185 43.6421 -301.953 116.633 -242.984 -331.864
1TKJ_A.pdb 277 -46.6344 -132.511 -439.838 220.117 -328.53 -470.339
1TOA_A.pdb 277 -94.8375 -308.853 -412.665 523.629 -323.483 -346.85
1TVF_A.pdb 369 -101.647 -248.713 -447.584 395.963 -356.676 -624.799
1TXG_A.pdb 335 -120.617 -344.897 -468.345 858.048 -370.696 -404.273
1U09_A.pdb 476 -163.944 -400.12 -468.551 1238.37 -424.85 -588.369
1U1I_A.pdb 392 -59.5026 -345.622 -439.103 1003.83 -389.82 -412.754
1U5D_A.pdb 108 -74.0625 -153.049 -216.609 11.9164 -133.212 -403.664
1UCR_A.pdb 74 -100.347 -154.229 -181.856 -46.5078 -142.041 -193.68
1UEK_A.pdb 268 -94.9698 -394.527 -389.35 496.197 -309.178 -414.642
1UFY_A.pdb 121 -96.4145 -199.352 -228.812 111.461 -191.818 -445.912
1UG6_A.pdb 426 -125.388 -287.207 -501.992 1077.45 -422.098 -689.006
1UJ2_A.pdb 213 -62.1972 -214.252 -357.054 326.726 -276.15 -367.744
1UJC_A.pdb 156 -26.4951 -204.244 -310.101 116.957 -230.224 -307.226
1UNN_C.pdb 111 -56.9836 -12.2198 -223.721 145.396 -173.242 -338.608
1UNQ_A.pdb 117 -78.8174 -107.462 -238.25 45.9576 -170.031 -471.024
1UOY_A.pdb 64 -30.5475 -105.544 -151.268 45.1519 -97 -252.952
1UPQ_A.pdb 107 -99.2162 -168.278 -193.843 24.9193 -136.773 -447.744
1UUY_A.pdb 161 -45.4032 -179.957 -325.675 119.004 -236.872 -280.04
1UUZ_A.pdb 129 -94.3174 -145.89 -245.75 -51.0615 -201.457 -533.272
1UVJ_A.pdb 664 -163.661 -346.183 -540.223 1667.58 -525.904 -781.848
1UXZ_A.pdb 131 -34.4047 -218.246 -241.263 22.9923 -172.62 -493.832
1UZ3_A.pdb 102 -9.36878 -32.814 -248.361 120.907 -185.655 -220.088
1V30_A.pdb 118 -69.148 -227.703 -224.463 61.5383 -179.407 -342.872
1V54_H.pdb 79 -64.4405 -92.4976 -182.24 14.134 -145.315 -161.712
1V54_I.pdb 72 57.3676 99.9075 -179.396 151.796 -131.491 -155.736
1V54_K.pdb 49 57.5914 -3.66435 -103.444 66.9016 -94 -128.792
1V5I_B.pdb 76 -65.1288 -65.933 -176.268 14.5057 -139.497 -239.376
1V6S_A.pdb 390 -128.264 -358.794 -468.549 1006.87 -399.454 -597.062
1V7P_C.pdb 193 -53.271 -230.574 -352.981 201.141 -260.385 -351.683
1V8C_A.pdb 165 -55.5147 -277.1 -303.459 174.127 -242.093 -298.319
1V9F_A.pdb 250 -63.4797 -208.617 -363.765 347.389 -279.383 -610.151
1VC4_A.pdb 254 -71.5932 -278.477 -381.919 500.272 -301.375 -433.874
1VCC_A.pdb 77 -84.1097 -125.372 -159.189 0.812225 -131.881 -353.84
1VLJ_A.pdb 398 -143.078 -309.18 -498.876 941.45 -397.721 -503.1
1W3I_A.pdb 293 -70.3053 -302.212 -435.978 561.053 -339.315 -439.113
1W53_A.pdb 84 -4.40582 -133.214 -235.784 107.976 -185.239 -107.272
1WBE_A.pdb 204 -40.3488 -246.819 -372.644 277.744 -304.831 -326.859
1WC2_A.pdb 180 -20.9844 -162.444 -302.608 11.4593 -219.223 -371.281
1WHI_A.pdb 122 -129.807 -170.431 -217.36 54.7117 -147.73 -455.024
1WLG_A.pdb 293 -64.3761 -179.661 -341.157 193.816 -259.162 -552.336
1WMH_A.pdb 83 -88.6917 -157.934 -182.684 -3.49212 -143.624 -290.432
1WMH_B.pdb 82 -73.5673 -168.056 -174.233 7.65091 -138.617 -291.456
1WQJ_B.pdb 80 4.03163 -51.0737 -150.511 172.552 -131.569 -389.088
1WS8_A.pdb 104 -71.0195 -184.679 -191.285 38.6388 -142.194 -463.92
1WUB_A.pdb 176 -48.1464 -239.366 -284.449 205.216 -218.044 -422.756
1WUR_A.pdb 185 -37.2627 -160.841 -337.975 292.628 -252.614 -357.257
1WWZ_A.pdb 157 -70.9776 -235.213 -291.849 95.5633 -224.861 -154.37
1WZD_A.pdb 209 -76.1049 -312.495 -405.361 243.371 -306.371 -252.447
1X9I_A.pdb 300 -75.7701 -325.311 -420.353 740.794 -320.197 -433.614
1XEO_A.pdb 165 -74.8818 -214.497 -300.901 181.868 -213.755 -297.572
1XG4_A.pdb 287 -47.9574 -85.1781 -421.829 595.274 -318.572 -365.4
1XOC_A.pdb 504 -176.807 -611.638 -470.619 727.702 -428.932 -849.861
1XRK_A.pdb 120 -66.9098 -129.416 -230.845 152.375 -157.039 -557.6
1XSZ_A.pdb 356 -117.077 -390.353 -458.485 389.319 -378.875 -501.051
1XTE_A.pdb 116 -86.6269 -155.733 -215.952 14.6436 -176.177 -446.928
1XU1_R.pdb 38 -0.564531 -67.6888 -81.3581 3.06683 -68.0972 -109.92
1Y0H_A.pdb 101 -40.4483 -98.1068 -218.729 57.9184 -167.316 -324.784
1Y4W_A.pdb 517 -112.285 -225.34 -453.883 621.925 -389.624 -959.02
1Y79_1.pdb 680 -140.319 -257.605 -580.077 2222.66 -563.112 -784.215
1YB0_A.pdb 157 -44.3178 -177.767 -311.327 47.8067 -227.096 -334.014
1YD9_A.pdb 188 -54.4293 -213.093 -348.479 183.252 -264.485 -304.186
1YFU_A.pdb 174 -7.3656 -102.069 -273.223 183.945 -208.966 -294.949
1YKU_A.pdb 132 -88.4349 -100.043 -312.442 209.599 -230.265 -288.12
1YN9_A.pdb 168 -58.3416 -239.116 -298.262 175.463 -228.672 -391.485
1YPQ_A.pdb 131 -84.1062 -134.838 -242.232 160.656 -177.513 -548.032
1YQS_A.pdb 345 -74.2068 -372.411 -460.43 590.566 -355.509 -409.713
1YQZ_A.pdb 437 -166.231 -255.955 -454.09 998.281 -387.991 -700.664
1YZV_A.pdb 195 -49.5018 -216.425 -340.884 238.4 -266.809 -346.037
1Z2N_X.pdb 311 -92.4723 -210.991 -393.234 596.872 -318.354 -595.973
1Z3E_B.pdb 67 -85.6237 -149.081 -183.08 -22.7031 -138.141 -150.248
1ZBF_A.pdb 132 -51.769 -215.317 -259.267 88.6508 -196.146 -409.656
1ZHX_A.pdb 436 -111.661 -399.854 -442.809 572.925 -423.358 -764.661
1ZK4_A.pdb 251 -54.0459 -235.262 -421.038 269.765 -305.236 -386.628
1ZK7_A.pdb 467 -155.228 -315.055 -491.728 1509.21 -425.517 -848.058
1ZVA_A.pdb 75 -9.66484 2.22025 -220.461 45.1681 -173.088 -89.84
1ZZK_A.pdb 80 -63.6743 -110.961 -185.333 -15.6657 -150.352 -234.296
256B_A.pdb 106 -110.966 -146.625 -279.188 -33.37 -200.203 -237.504
2A7B_A.pdb 120 -88.8789 -234.166 -224.99 60.4619 -149.371 -611.816
2AR5_A.pdb 117 -49.0632 -26.9833 -219.873 141.622 -154.499 -470.12
2AVK_A.pdb 133 -108.85 -200.191 -321.843 111.316 -236.493 -264.656
2AZ4_A.pdb 425 -131.101 -367.073 -430.639 1084.36 -373.758 -725.117
2B4H_A.pdb 227 -38.1618 -254.729 -293.928 347.329 -215.755 -445.023
2BA2_A.pdb 81 8.23333 -14.8692 -233.74 76.0096 -174 -145.8
2BKF_A.pdb 86 -92.4946 -189.8 -192.527 0.406629 -131.159 -358.256
2BNM_A.pdb 194 -30.726 -149.58 -323.84 201.346 -235.46 -437.2
2BWR_A.pdb 401 -113.173 -608.265 -406.262 927.278 -296.767 -850.055
2C0H_A.pdb 353 -77.841 -329.782 -439.236 274.092 -365.791 -487.085
2C31_A.pdb 546 -125.447 -345.797 -526.487 1570.72 -479.644 -774.983
2C6Q_A.pdb 328 -105.6 -344.901 -441.821 595.2 -338.056 -516.589
2C78_A.pdb 397 -130.939 -217.491 -446.127 867.179 -377.205 -598.434
2CBZ_A.pdb 230 -59.8023 -298.35 -358.556 337.141 -280.481 -442.597
2CCM_A.pdb 190 -77.2605 -311.94 -352.952 102.765 -270.951 -322.283
2CHC_A.pdb 169 -21.0789 -116.409 -323.455 229.967 -245.077 -206.968
2CIW_A.pdb 298 -33.5988 -358.156 -381.8 328.102 -316.571 -468.828
2CJJ_A.pdb 63 -38.4087 -73.0056 -168.607 3.54614 -133.439 -199.8
2CM4_A.pdb 145 -32.4924 -187.569 -263.914 101.87 -205.78 -513.872
2CN3_A.pdb 728 -182.66 -367.42 -500.398 1540.8 -452.271 -1398.37
2CVD_A.pdb 198 -49.356 -364.481 -343.947 232.977 -276.339 -342.12
2CVE_A.pdb 190 -41.9121 -42.0166 -337.971 328.845 -248.606 -317.02
2CYG_A.pdb 312 -101.285 -342.132 -435.596 499.801 -336.786 -592.946
2D4P_A.pdb 130 -69.0052 -131.523 -240.82 177.53 -175.93 -362.8
2D8D_A.pdb 80 -9.70006 -78.099 -224.933 42.8049 -166.004 -177.248
2DC4_A.pdb 164 -39.528 -83.4935 -299.455 193.878 -238.609 -231.294
2DG1_A.pdb 321 -81.4266 -259.267 -403.021 478.784 -314.134 -683.815
2DM9_A.pdb 118 -79.2836 -142.511 -261.919 106.649 -187.14 -272.592
2DP9_A.pdb 124 -60.9724 -92.8191 -210.635 168.322 -166.245 -477.504
2DR1_A.pdb 381 -169.198 -603.148 -481.392 727.99 -396.124 -613.484
2DS2_B.pdb 67 -62.5776 -159.877 -173.962 12.5955 -141.562 -142.808
2DS5_A.pdb 43 -21.9415 -72.0333 -100.15 -8.10494 -65.2889 -144.752
2DSJ_A.pdb 423 -118.603 -244.74 -506.32 1205.72 -415.601 -612.344
2DYJ_A.pdb 91 -87.081 -164.379 -206.771 50.9392 -155.464 -292.088
2E4M_C.pdb 143 -59.4267 -197.126 -227.304 126.418 -156.05 -699.488
2EJA_A.pdb 337 -146.197 -513.628 -436.295 833.652 -360.294 -460.983
2ERL_A.pdb 40 -53.5057 -100.249 -118.483 -47.4605 -104.952 -82.368
2EX0_A.pdb 392 -160.731 -462.167 -432.618 745.868 -377.092 -567.021
2F23_A.pdb 154 -44.4555 -75.9471 -309.63 116.203 -218.5 -287.021
2F5G_A.pdb 130 -87.0813 -128.484 -251.234 156.865 -185.753 -516.6
2F60_K.pdb 60 -39.5896 -29.6373 -156.832 28.9215 -123.51 -219.76
2F6E_A.pdb 125 -24.5091 -12.9186 -209.227 169.317 -140.334 -573.328
2F9I_B.pdb 260 -35.7615 -139.205 -382.241 376.706 -311.189 -359.933
2FCJ_A.pdb 114 -89.502 -223.935 -243.62 122.455 -191.265 -391.368
2FCW_B.pdb 78 -9.38205 -17.1201 -146.646 135.792 -114.86 -309.384
2FDX_A.pdb 138 -121.84 -262.498 -277.841 75.1541 -202.653 -394.224
2FE8_A.pdb 315 -102.4 -260.869 -400.605 566 -309.698 -480.673
2FF4_A.pdb 379 -102.762 -235.513 -473.595 853.134 -392.985 -551.467
2FHF_A.pdb 1052 -154.308 -534.027 -553.38 3337.07 -613.86 -1438.67
2FJ8_A.pdb 120 -29.2374 3.729 -189.237 287.015 -116.143 -658.72
2FNU_A.pdb 373 -93.8628 -389.313 -465.868 814.638 -371.887 -487.872
2FQ3_A.pdb 85 -54.9138 -139.614 -190.761 36.171 -138.296 -278.704
2FQX_A.pdb 316 -87.9957 -268.205 -454.622 586.697 -334.33 -612.029
2FRG_P.pdb 106 -43.9992 -100.555 -194.305 102.665 -162.129 -424.784
2FUK_A.pdb 218 -55.3851 -183.489 -347.872 223.21 -272.388 -453.138
2FVY_A.pdb 305 -106.078 -241.925 -457.783 357.069 -376.471 -561.297
2FX5_A.pdb 258 -39.6765 -157.633 -400.527 215.143 -291.668 -405.481
2FYG_A.pdb 128 -25.4081 -103.329 -233.861 258.47 -170.264 -465.288
2G1U_A.pdb 135 -89.657 -107.385 -277.307 199.832 -198.215 -463.784
2G3R_A.pdb 119 -86.5235 -177.12 -224.396 76.2859 -193.842 -499.024
2GAG_D.pdb 91 -12.3781 3.59573 -166.608 110.796 -146.658 -457.944
2GDQ_A.pdb 373 -86.2812 -289.598 -450.853 812.797 -354.49 -655.508
2GHT_A.pdb 180 -30.0915 -239.31 -281.129 244.627 -227.571 -384.255
2GKG_A.pdb 122 -110.028 -176.903 -255.252 -1.73997 -208.57 -404.328
2GOM_A.pdb 61 -54.2287 -59.2978 -192.319 41.2689 -143.592 -125.088
2GRC_A.pdb 121 -101.94 -184.022 -270.911 -9.4084 -222.364 -374.704
2GRR_B.pdb 157 -62.3511 -221.562 -322.63 129.352 -236.034 -157.79
2GUZ_B.pdb 65 -74.1827 -36.368 -191.359 -26.3832 -141.013 -120.072
2GWM_A.pdb 200 -86.6268 -154.665 -336.149 169.624 -246.985 -362.543
2H1C_A.pdb 139 -59.2935 -154.72 -292.051 264.592 -232.617 -425.336
2H29_A.pdb 188 -73.3698 -177.951 -306.463 168.051 -246.106 -235.889
2H88_C.pdb 139 60.3978 -51.0873 -299.368 375.832 -239.741 -256.224
2H9A_A.pdb 383 -137.503 -201.542 -466.633 1074.6 -387.804 -674.758
2HAZ_A.pdb 104 -36.9542 -131.86 -205.014 53.8214 -136.703 -432.696
2HDD_A.pdb 55 -59.4159 -36.1116 -153.746 -32.0031 -123.674 -86.424
2HEU_A.pdb 391 -149.669 -406.623 -463.579 525.258 -398.879 -534.437
2HFN_A.pdb 149 -50.0239 -136.627 -284.537 157.975 -202.323 -521.832
2HIN_A.pdb 66 -27.0678 -64.1496 -178.304 11.804 -129.221 -149.56
2HL0_A.pdb 143 -88.7838 -293.572 -281.779 85.8724 -209.904 -482.328
2HOX_A.pdb 425 -73.4724 -351.935 -457.77 775.749 -403.639 -619.014
2HUE_C.pdb 82 18.8705 -15.0776 -182.03 148.549 -132.433 -151.552
2HZL_A.pdb 334 -109.885 -378.209 -480.785 611.937 -386.646 -429.976
2I74_A.pdb 180 -54.1242 -255.1 -304.804 138.807 -229.658 -310.541
2I8T_A.pdb 149 -47.4679 -124.595 -265.582 207.985 -188.56 -533.272
2IB0_A.pdb 142 -23.5038 -38.0813 -323.198 240.716 -229.615 -286.44
2IDL_A.pdb 113 -87.0976 -166.802 -251.435 66.7992 -194.964 -347.568
2IGP_A.pdb 114 -127.917 -274.815 -248.971 65.9946 -191.265 -309.04
2IJQ_A.pdb 145 -48.1431 -209.657 -321.542 15.5214 -238.334 -414.888
2IMQ_X.pdb 280 -99.4248 -210.277 -361.661 153.302 -277.971 -611.458
2INC_B.pdb 322 -73.3104 -358.878 -472.599 445.912 -390.027 -403.171
2J2J_A.pdb 182 -31.968 -181.241 -293.677 162.548 -219.815 -463.803
2J6I_A.pdb 353 -131.171 -345.922 -452.778 702.952 -364.301 -522.029
2J8K_A.pdb 181 -45.4923 -391.191 -408.788 219.86 -299.646 -213.077
2J8M_A.pdb 171 -48.4137 -114.472 -291.373 160.109 -219.793 -272.755
2J9O_A.pdb 264 -93.2067 -367.283 -419.727 296.045 -315.336 -442.526
2JDA_A.pdb 139 -58.0009 -348.362 -248.21 44.7448 -158.994 -657.16
2JFN_A.pdb 266 -99.7785 -287.826 -399.75 626.754 -317.393 -340.221
2LIS_A.pdb 131 -31.9671 -148.098 -282.543 239.867 -228.886 -352.816
2MCM_A.pdb 112 -89.0787 -270.526 -203.925 122.349 -153.723 -462.6
2MHR_A.pdb 118 -81.9459 -202.088 -265.81 58.4666 -210.339 -220.824
2NTE_A.pdb 210 -59.1975 -212.314 -324.464 265.34 -251.421 -314.287
2NX2_A.pdb 178 -65.9691 -104.132 -329.798 97.5688 -258.507 -273.365
2O1K_A.pdb 43 36.5905 9.57133 -150.831 39.0597 -120.798 -52.952
2O4V_A.pdb 411 66.4767 467.479 -442.803 620.08 -387.821 -585.497
2O6F_A.pdb 157 -45.3708 -242.034 -232.177 32.7676 -195.811 -263.29
2OAA_A.pdb 247 -88.4358 -165.373 -347.484 161.429 -274.251 -372.547
2OLM_A.pdb 133 -96.5197 -226.165 -282.736 10.1326 -217.07 -469.312
2OQQ_A.pdb 42 -13.4336 13.3607 -145.746 -6.70212 -114.179 -53.312
2OV0_A.pdb 105 -53.4364 -163.156 -205.401 93.4847 -154.939 -461.072
2OZL_A.pdb 362 -67.3866 -287.698 -449.787 677.524 -350.288 -493.594
2P1M_B.pdb 567 -158.115 -229.105 -532.548 2385.35 -485.03 -868.878
2P39_A.pdb 142 -43.3018 -138.671 -228.904 142.598 -166.173 -560.312
2P5M_A.pdb 82 -47.7329 -175.801 -214.742 9.06184 -144.801 -347.112
2PA8_D.pdb 264 -65.8206 -153.242 -365.024 688.175 -277.423 -540.49
2PBD_P.pdb 139 -86.673 -295.382 -265.557 68.256 -201.742 -465.688
2PHN_A.pdb 248 -44.4663 -235.694 -355.975 549.35 -257.594 -431.115
2PIE_A.pdb 132 -58.793 -208.774 -224.595 138.499 -162.027 -513.288
2PLX_B.pdb 26 3.33005 -37.5836 -76.1586 -97.2521 -54.3338 -43.096
2PMU_A.pdb 98 -82.3315 -217.774 -199.709 48.6534 -147.99 -309.672
2PPN_A.pdb 107 -83.8567 -223.116 -222.129 14.4831 -174.67 -511.352
2PUY_A.pdb 59 -44.1419 -38.4571 -118.933 48.4967 -84.8757 -261.488
2PV2_A.pdb 103 -62.6551 -128.194 -231.12 22.0838 -176.232 -354.096
2Q35_A.pdb 243 -88.6329 -308.895 -405.133 391.634 -303.852 -439.837
2Q4G_W.pdb 460 -140.886 -159.72 -536.624 1676.26 -455.231 -534.788
2QFA_A.pdb 137 -54.7934 -8.51958 -282.124 97.7614 -222.711 -454.928
2QFA_B.pdb 62 43.3502 -14.051 -193.689 120.809 -152.692 -97.896
2QGY_A.pdb 376 -120.231 -393.128 -477.605 787.873 -373.089 -584.794
2QIH_A.pdb 136 -21.0635 61.7793 -365.253 44.6974 -269.33 -72.496
2QJL_A.pdb 99 -113.549 -197.212 -207.635 19.9553 -172.314 -312.592
2QKP_A.pdb 138 -60.8257 -191.521 -240.677 147.055 -197.886 -541.6
2QKV_A.pdb 92 -84.3795 -167.257 -167.196 16.0892 -145.587 -277.376
2QMM_A.pdb 195 -71.6715 -334.961 -334.09 198.864 -254.778 -312.385
2QV5_A.pdb 246 -55.3905 -163.708 -376.477 283.697 -294.546 -334.403
2QVO_A.pdb 87 -84.9885 -118.337 -223.141 53.0278 -169.14 -226.064
2RA6_A.pdb 141 -95.2322 -265.685 -253.732 81.3946 -190.519 -575.152
2RBK_A.pdb 261 -81.4941 -310.367 -402.356 458.064 -331.294 -585.371
2RDG_A.pdb 192 -73.9962 -121.932 -295.721 59.7319 -226.839 -252.819
2RIV_A.pdb 339 -64.5003 -346.193 -432.094 711.394 -346.916 -535.645
2RJI_A.pdb 84 -87.7498 -177.073 -228.426 -1.33818 -163.854 -243.256
2SQC_A.pdb 623 -165.105 -347.157 -565.69 1610.74 -516.507 -834.353
2UV4_A.pdb 142 -69.3281 -27.0744 -266.475 295.571 -189.67 -525.312
2V33_A.pdb 91 -114.838 -218.851 -175.23 56.7901 -102.63 -362.696
2V3I_A.pdb 433 -69.2037 -441.662 -458.645 304.553 -367.134 -770.656
2V52_M.pdb 30 1.21594 -15.6047 -74.8417 47.8368 -62.4657 -80.344
2VC8_A.pdb 72 -39.0323 -119.724 -148.257 29.3066 -118.291 -316.664
2VCC_A.pdb 886 -209.998 -672.417 -570.055 1796.03 -580.255 -1188.76
2VE8_A.pdb 67 -80.7418 -93.506 -159.934 -6.04247 -117.616 -225.528
2VG0_A.pdb 227 -44.0397 -129.016 -392.02 353.973 -290.092 -313.125
2VHA_A.pdb 276 -85.0392 -281.184 -406.626 219.397 -298.878 -474.77
2VHK_A.pdb 206 -58.401 -315.786 -328.641 198.295 -244.579 -395.533
2VKJ_A.pdb 106 -80.6614 -19.8743 -284.133 118.492 -205.642 -219.024
2VO4_A.pdb 219 -95.1912 -273.1 -375.593 234.644 -284.895 -386.073
2VOF_B.pdb 23 6.91851 -4.69912 -83.4865 -25.0679 -66.7681 -50.816
2VOG_B.pdb 22 38.7983 -4.939 -80.314 -32.7699 -63.4228 -41.632
2VPB_B.pdb 35 18.9653 -18.9061 -71.4354 49.3276 -49.3901 -130.104
2VWS_A.pdb 256 -42.3873 -186.442 -410.092 441.728 -315.75 -317.672
2VYO_A.pdb 206 -85.2687 -291.497 -351.838 127.767 -258.235 -232.117
2W1V_A.pdb 274 -74.4768 -390.439 -396.503 407.534 -310.298 -530.207
2W31_A.pdb 152 -38.1402 -219.806 -340.778 109.218 -256.598 -195.64
2W40_A.pdb 501 -155.868 -412.894 -515.978 1399.68 -439.121 -603.567
2W5Q_A.pdb 424 -122.572 -488.451 -459.382 251.363 -393.295 -623.311
2W83_C.pdb 67 0.806318 62.3531 -215.146 85.9773 -168.928 -93.056
2WFO_A.pdb 153 -24.5835 -161.362 -264.995 80.6534 -219.376 -282.703
2WIY_A.pdb 394 -130.54 -455.411 -484.989 908.818 -401.398 -557.578
2WJ6_A.pdb 274 -93.9438 -359.586 -399.032 241.046 -301.841 -434.899
2WLV_A.pdb 144 -71.815 -250.893 -294.865 148.821 -234.667 -467.992
2WUH_A.pdb 163 -21.87 -162.503 -284.112 112.731 -193.437 -439.919
2WVG_A.pdb 565 -134.228 -468.895 -520.745 1740.37 -469.484 -868.976
2WYA_A.pdb 460 -165.853 -440.6 -501.517 785.329 -431.732 -662.207
2YV9_A.pdb 285 -87.9606 -237.619 -407.956 470.393 -333.131 -383.14
2Z0J_A.pdb 237 -78.4944 -250.111 -408.999 496.395 -282.84 -444.082
2Z84_A.pdb 210 -48.8835 -173.629 -311.299 185.565 -243.692 -345.339
2Z9W_A.pdb 392 -117.361 -254.415 -492.902 961.951 -396.891 -717.208
2ZHN_A.pdb 145 -86.7792 -213.971 -248.33 88.2966 -191.828 -615.176
2ZPT_X.pdb 288 -105.997 -356.418 -403.237 389.584 -331.131 -496.994
2ZS0_B.pdb 142 -98.154 -253.119 -316.865 120.283 -246.063 -289.504
2ZU1_A.pdb 180 -76.2426 -301.052 -301.85 117.542 -238.006 -332.493
2ZWU_A.pdb 405 -140.959 -523.805 -474.287 827.841 -396.617 -698.27
2ZYZ_B.pdb 183 -53.8434 -104.993 -294.792 270.094 -237.705 -298.967
3A4C_A.pdb 106 -84.2396 -137.596 -247.663 110.65 -175.727 -185
3B50_A.pdb 310 -99.6408 -412.275 -463.014 445.762 -358.705 -486.669
3B7N_A.pdb 307 -70.8102 -111.589 -421.855 487.58 -362.295 -520.938
3B7S_A.pdb 610 -172.133 -566.957 -528.271 1778.46 -506.64 -891.882
3B8I_A.pdb 284 -37.2195 -202.881 -418.013 798.732 -315.529 -388.583
3BA1_A.pdb 312 -112.196 -428.072 -422.944 769.225 -343.127 -617.354
3BAM_A.pdb 206 -74.8386 -136.956 -341.725 198.673 -267.989 -251.667
3BBB_A.pdb 151 -16.2702 -168.426 -286.586 116.269 -218.876 -214.048
3BJE_A.pdb 327 -89.2215 -342.283 -418.298 532.362 -343.294 -501.471
3BOF_A.pdb 560 -169.811 -370.703 -543.84 1840.32 -500.195 -760.168
3BUX_B.pdb 305 -136.307 -196.762 -437.199 441.941 -368.455 -475.466
3C5K_A.pdb 108 -52.0366 -73.078 -202.273 143.773 -149.378 -417.592
3CI3_A.pdb 188 -50.679 -179.292 -354.762 194.206 -264.485 -152.313
3CI9_A.pdb 44 12.6454 37.2684 -145.076 -6.56336 -114.625 -61.872
3CJK_B.pdb 75 -64.5709 -153.359 -178.751 16.1511 -140.757 -240.512
3CJP_A.pdb 262 -77.5953 -306.192 -418.071 467.156 -337.485 -414.248
3CUZ_A.pdb 529 -140.025 -343.444 -514.481 1377.39 -461.304 -634.634
3CX5_H.pdb 93 56.0887 82.9065 -159.311 129.993 -138.725 -287.064
3D1B_A.pdb 111 -117.145 -117.095 -274.901 66.1834 -205.134 -276.272
3D7A_A.pdb 137 -116.563 -149.057 -268.233 137.009 -196.397 -453.392
3DA4_A.pdb 270 -52.3503 -246.783 -409.048 385.042 -304.437 -426.714
3DA8_A.pdb 213 -48.1788 -243.593 -341.88 387.896 -262.72 -502.671
3DAA_A.pdb 277 -60.0291 -167.774 -382.59 412.685 -321.801 -540.382
3DCM_X.pdb 188 -60.9903 -151.628 -322.581 193.279 -242.022 -389.359
3DD7_A.pdb 123 -91.3265 -182.392 -287.981 101.094 -187.319 -318.072
3DDT_A.pdb 48 -22.915 -39.409 -109.728 6.05946 -95.4923 -236.68
3DJL_A.pdb 538 -106.564 -150.563 -539.512 1714.13 -487.189 -631.601
3DNZ_A.pdb 316 -39.4146 -176.811 -462.96 352.709 -340.631 -549.39
3DR9_A.pdb 137 -103.333 -272.286 -314.701 59.4678 -246.633 -267.384
3DRF_A.pdb 539 -129.47 -537.929 -480.419 579.312 -439.654 -775.861
3DSK_A.pdb 466 -110.195 -509.793 -496.182 1125.47 -440.294 -589.006
3E4G_A.pdb 176 -61.2171 -268.641 -323.232 180.184 -258.145 -221.921
3E6S_A.pdb 159 -18.765 8.40375 -371.486 178.222 -271.979 -257.164
3E7H_A.pdb 102 -52.963 -127.019 -201.489 159.481 -155.159 -366.768
3E8Y_X.pdb 30 -8.25966 -80.7685 -87.3331 -67.287 -62.4657 -96.232
3EA6_A.pdb 215 -72.3303 -190.262 -325.239 72.86 -242.166 -375.883
3EDF_A.pdb 597 -120.182 -414.199 -495.199 953.389 -464.538 -824.712
3EDY_A.pdb 544 -98.8875 -187.316 -483.71 1079.49 -439.8 -877.552
3EEH_A.pdb 116 -59.235 -156.07 -246.623 72.8362 -189.176 -395.72
3EJ9_B.pdb 59 11.3577 -46.9401 -128.995 30.0102 -110.393 -168.632
3ELN_A.pdb 187 -49.8501 -224.475 -293.864 127.068 -228.469 -374.273
3EOI_A.pdb 123 -111.073 -154.093 -227.444 103.926 -189.844 -390.312
3EUS_A.pdb 85 -40.8892 -111.35 -226.102 50.4763 -159.555 -208.464
3EVF_A.pdb 261 -70.8237 -241.702 -389.086 406.683 -301.831 -399.097
3F4M_A.pdb 154 -55.0827 -248.65 -358.004 129.573 -261.37 -142.656
3F6Y_A.pdb 235 -96.1146 -181.547 -355.017 253.476 -269.641 -373.157
3F7L_A.pdb 151 -33.2856 -212.656 -284.362 26.5085 -189.254 -315.234
3FB9_A.pdb 89 -61.6728 -56.2126 -178.756 44.9081 -139.952 -283.88
3FH2_A.pdb 146 -58.3015 -254.692 -332.451 143.963 -225.758 -319.864
3FIL_A.pdb 55 -57.7007 -130.209 -134.326 -8.51715 -89.6942 -205.576
3FN5_A.pdb 161 -41.2668 -186.477 -265.047 143.612 -208.185 -197.137
3FO8_D.pdb 274 -46.548 -75.154 -370.911 434.131 -278.159 -453.481
3FR7_A.pdb 495 -163.021 -399.607 -540.828 1196.44 -467.246 -563.43
3FS8_A.pdb 259 -54.5643 -257.755 -409.543 505.281 -297.967 -552.894
3G21_A.pdb 77 -111.447 -165.857 -185.537 -33.8129 -147.836 -246.664
3GA8_A.pdb 67 -25.9121 -42.685 -154.29 77.0611 -127.879 -249.88
3GHA_A.pdb 186 -87.2505 -304.855 -339.721 46.8628 -257.959 -359.809
3GJ3_B.pdb 27 -13.0712 -32.3543 -57.2336 -13.527 -46.9948 -97.696
3GK7_A.pdb 447 -132.389 -392.801 -480.212 1118.01 -408.227 -776.147
3GMI_A.pdb 356 -111.818 -319.391 -465.385 769.332 -377.391 -475.684
3GMS_A.pdb 331 -94.4757 -273.512 -415.626 812.099 -360.918 -534.689
3GO2_A.pdb 388 -97.9074 -306.497 -474.09 929.278 -370.759 -702.518
3GPG_A.pdb 162 -60.7446 -174.606 -310.687 52.3742 -222.786 -280.401
3GR4_A.pdb 519 -98.6067 -84.4932 -511.073 1609.72 -455.145 -777.973
3GWC_A.pdb 246 -30.6558 -226.907 -375.163 457.731 -307.043 -332.718
3GWI_A.pdb 164 -49.68 -153.18 -307.623 141.7 -218.931 -288.346
3H12_A.pdb 392 -87.7014 -259.597 -482.851 843.13 -371.436 -600.783
3H5L_A.pdb 397 -106.985 -254.89 -486.803 807.058 -384.231 -564.293
3H7O_A.pdb 228 -90.0045 -253.301 -340.393 192.055 -263.384 -379.264
3H87_A.pdb 136 -20.3123 -43.4261 -286.96 130.849 -214.108 -375.616
3H8K_B.pdb 28 -11.2709 -16.324 -99.238 -24.9068 -76.9961 -54.632
3HC7_A.pdb 252 -57.9501 -153.71 -388.103 383.021 -301.003 -446.869
3HH8_A.pdb 280 -105.011 -214.291 -405.385 285.156 -311.437 -401.338
3HHT_B.pdb 227 -5.2326 -158.57 -319.511 294.569 -258.499 -326.306
3HM5_A.pdb 74 -45.1552 -58.8273 -178.146 36.6563 -142.041 -163.104
3HPW_C.pdb 33 -10.5804 -8.58543 -95.5818 -18.6157 -86.4769 -72.728
3HPY_A.pdb 288 -63.504 -115.431 -382.384 461.648 -294.832 -496.53
3HRO_A.pdb 37 58.4044 0.165053 -129.417 58.0442 -101.905 -18.752
3HSH_A.pdb 56 -42.3663 -85.1124 -107.876 -17.5855 -99.6663 -236.64
3I0W_A.pdb 290 -102.603 -334.548 -426.091 506.918 -339.679 -420.848
3I3Q_A.pdb 203 -56.3247 -195.976 -330.76 165.747 -266.4 -395.354
3I5W_A.pdb 32 7.92313 -49.6618 -70.4666 -53.4527 -48.9949 -118.64
3I7T_A.pdb 118 -29.7217 -127.843 -238.566 193.57 -169.097 -403.312
3I83_A.pdb 310 -93.4335 -296.733 -423.333 772.086 -345.983 -506.742
3IAG_C.pdb 422 -147.768 -241.342 -387.346 762.744 -338.46 -771.018
3ID1_A.pdb 94 -57.8008 -140.645 -199.718 12.4289 -155.047 -414.88
3ID7_A.pdb 391 -82.9575 -327.002 -515.299 751.213 -391.799 -580.463
3IE4_A.pdb 101 -73.2308 -114.184 -176.001 93.4902 -136.669 -452.76
3IGH_X.pdb 483 -173.907 -289.313 -522.643 1482.61 -454.521 -734.369
3IP4_C.pdb 92 -20.768 -138.789 -154.39 95.7098 -142.667 -301.32
3IT5_A.pdb 182 -30.6153 -135.189 -297.056 141.558 -194.909 -313.554
3JS8_A.pdb 538 -130.191 -332.953 -501.624 1411 -444.938 -935.186
3JSL_A.pdb 308 -116.594 -320.829 -411.085 288.979 -329.717 -452.763
3K62_A.pdb 400 -166.771 -146.497 -521.601 1061.96 -441.4 -378.287
3K67_A.pdb 156 -18.0603 -201.542 -276.981 191.98 -239.191 -249.235
3K7M_X.pdb 425 -112.285 -286.2 -471.929 1189.7 -390.057 -585.299
3KDA_A.pdb 298 -56.4786 -297.587 -421.73 449.765 -345.767 -453.752
3KJT_A.pdb 370 -176.197 -488.927 -466.464 570.492 -375.05 -669.436
3KKI_A.pdb 386 -72.5922 -305.348 -470.265 902.525 -398.926 -609.05
3L2C_A.pdb 85 -96.5644 -101.432 -191.992 -42.8504 -138.296 -267.976
3LKE_A.pdb 252 -85.1202 -274.274 -418.499 480.69 -318.641 -370.981
6RLX_B.pdb 27 80.1593 -10.8637 -66.4545 -12.9922 -46.9948 -64.84
